0
0
0
0
0
0.0299348124024611
0.103627652265131
0.203308068239445
0.317383891318258
0.438340709185902
0.561352951902149
0.683365649404964
0.8024874917498
0.917589778060708
1.02804152891351
1.13353464328388
1.23396859569537
1.3293744974225
1.41986517719192
1.50560245555256
1.58677577596456
1.66358833261337
1.73624814257406
1.8049623748348
1.86993382072766
1.93135876865072
1.98942579617975
2.04431515813595
2.09619855859155
2.14523916713583
2.19159178754301
2.23540311858486
2.27681206760539
2.31595009125738
2.35294154689159
2.38790404407974
2.42094878969292
2.45218092254232
2.4816998352798
2.50959948235559
2.53596867354002
2.56089135296911
2.58444686395793
2.60671019999826
2.62775224245781
2.64763998555108
2.66643674917486
2.68420238020437
2.70099344283697
2.71686339855367
2.73186277624797
2.74603933304795
2.75943820633345
2.7721020574253
2.78407120739994
2.7953837654584
2.80607575025685
2.81618120458338
2.82573230374543
2.83475945801236
2.84329140943895
2.85135532337791
2.85897687497248
2.86618033090457
2.87298862665853
2.87942343954649
2.88550525772791
2.89125344544283
2.89668630466674
2.90182113338323
2.90667428065994
2.91126119870331
2.91559649205766
2.91969396410545
2.92356666101661
2.92722691328697
2.93068637499803
2.933956060923
2.9370463815974
2.93996717646569
2.94272774520968
2.94533687735827
2.94780288027292
2.95013360559796
2.95233647425984
2.95441850009503
2.9563863121818
2.95824617594689
2.96000401311433
2.96166542056001
2.9632356881318
2.96471981549229
2.9661225280374
2.9674482919419
2.96870132837949
2.9698856269628
2.9710049584462
2.97206288673168
2.97306278021614
2.97400782251627
2.97400782251627
2.97400782251627
2.97400782251627
2.97400782251627
2.97400782251627
2.97400782251627
2.97400782251627
2.97400782251627
2.97400782251627
2.97400782251627
2.97400782251627
2.97400782251627
2.97400782251627
2.97400782251627
2.97400782251627
2.97400782251627
2.97400782251627
2.97400782251627
2.97400782251627
2.97400782251627
2.97400782251627
2.97400782251627
2.97400782251627
2.97400782251627
2.97400782251627
2.97400782251627
2.97400782251627
2.97400782251627
2.97400782251627
2.97400782251627
2.97400782251627
2.97400782251627
2.97400782251627
2.97400782251627
2.97400782251627
2.97400782251627
2.97400782251627
2.97400782251627
2.97400782251627
2.97400782251627
2.97400782251627
2.97400782251627
2.97400782251627
2.97400782251627
2.97400782251627
2.97400782251627
2.97400782251627
2.97400782251627
2.97400782251627
2.97400782251627
2.97400782251627
