0
0
0
0
0
0
0
0
0.0110150555681479
0.0347054741861023
0.0632549819114191
0.0932808190875335
0.123331417808685
0.152795981597633
0.181429335553078
0.209144894917294
0.235924471963218
0.261778997169744
0.286731426682022
0.310809317146194
0.334041612522042
0.356457265577767
0.378084658129013
0.39895136861335
0.419084090313519
0.438508614543384
0.457249841480857
0.475331802409871
0.492777686317758
0.509609867795949
0.525849934934857
0.541518716662668
0.556636309307697
0.57122210230709
0.58529480304634
0.59887246084034
0.611972490077525
0.624611692552777
0.636806279015971
0.64857188996306
0.659923615696016
0.670876015677216
0.681443137203041
0.691638533420594
0.701475280710651
0.71096599545912
0.72012285023853
0.728957589420289
0.737481544237747
0.745705647319372
0.753640446710691
0.761296119402968
0.768682484385983
0.775809015241638
0.782684852294557
0.789318814335258
0.795719409930928
0.801894848338318
0.807853050032745
0.813601656866715
0.819148041871181
0.824499318712031
0.829662350813905
0.834643760163071
0.839449935800629
0.84408704201695
0.848561026257852
0.852877626752659
0.857042379873918
0.861060627238229
0.864937522557274
0.868678038247855
0.872286971809394
0.875768951977104
0.879128444658689
0.882369758662224
0.885497051222526
0.888514333333131
0.891425474890702
0.894234209658468
0.896944140055066
0.899558741774917
0.902081368246071
0.904515254931242
0.906863523477532
0.90912918572019
0.911315147545515
0.913424212617887
0.915459085975675
0.917422377500664
0.919316605265424
0.921144198762935
0.922907502022597
0.924608776616631
0.926250204560714
0.926250204560714
0.926250204560714
0.926250204560714
0.926250204560714
0.926250204560714
0.926250204560714
0.926250204560714
0.926250204560714
0.926250204560714
0.926250204560714
0.926250204560714
0.926250204560714
0.926250204560714
0.926250204560714
0.926250204560714
0.926250204560714
0.926250204560714
0.926250204560714
0.926250204560714
0.926250204560714
0.926250204560714
0.926250204560714
0.926250204560714
0.926250204560714
0.926250204560714
0.926250204560714
0.926250204560714
0.926250204560714
0.926250204560714
0.926250204560714
0.926250204560714
0.926250204560714
0.926250204560714
0.926250204560714
0.926250204560714
0.926250204560714
0.926250204560714
0.926250204560714
0.926250204560714
0.926250204560714
0.926250204560714
0.926250204560714
0.926250204560714
0.926250204560714
0.926250204560714
0.926250204560714
0.926250204560714
0.926250204560714
0.926250204560714
0.926250204560714
0.926250204560714
0.926250204560714
0.926250204560714
0.926250204560714
0.926250204560714
0.926250204560714
