0
0
0
0
0
0
0
0
0.0190302321682964
0.0475967736186388
0.0761408755190566
0.10388867372835
0.130799630636243
0.15689375403938
0.182195400480263
0.20672860092384
0.230516691086811
0.253582300836678
0.275947372979145
0.297633183903766
0.318660363805507
0.339048916309113
0.358818237498868
0.377987134370511
0.396573842722748
0.414596044505376
0.432070884640512
0.449014987332943
0.465444471885101
0.481374968031715
0.496821630808726
0.511799154970607
0.526321788969818
0.540403348511667
0.554057229697506
0.567296421768737
0.580133519463766
0.59258073499966
0.604649909689903
0.616352525209297
0.627699714516737
0.638702272446246
0.649370665976334
0.659715044187476
0.669745247917152
0.679470819121659
0.688901009953584
0.698044791563584
0.706910862634844
0.715507657658323
0.723843354956676
0.731925884464475
0.739762935272133
0.747361962940704
0.754730196594527
0.761874645798453
0.7688021072262
0.775519171126177
0.782032227590939
0.788347472636222
0.794470914095351
0.800408377334626
0.806165510795121
0.811747791366177
0.817160529595682
0.822408874742117
0.827497819673162
0.832432205615519
0.837216726760481
0.84185593472962
0.846354242904845
0.850715930626952
0.854945147266658
0.859045916171983
0.863022138495761
0.866877596906882
0.870615959188841
0.874240781728972
0.877755512901723
0.881163496349174
0.884467974161912
0.887672089963311
0.890778891900124
0.893791335542258
0.896712286694472
0.899544524122681
0.902290742197456
0.904953553457241
0.907535491093721
0.910039011361698
0.912466495915785
0.914820254076126
0.917102525025305
0.919315479938529
0.921461224049114
0.923541798651243
0.925559183041894
0.927515296403787
0.92941199963115
0.931251097100024
0.931251097100024
0.931251097100024
0.931251097100024
0.931251097100024
0.931251097100024
0.931251097100024
0.931251097100024
0.931251097100024
0.931251097100024
0.931251097100024
0.931251097100024
0.931251097100024
0.931251097100024
0.931251097100024
0.931251097100024
0.931251097100024
0.931251097100024
0.931251097100024
0.931251097100024
0.931251097100024
0.931251097100024
0.931251097100024
0.931251097100024
0.931251097100024
0.931251097100024
0.931251097100024
0.931251097100024
0.931251097100024
0.931251097100024
0.931251097100024
0.931251097100024
0.931251097100024
0.931251097100024
0.931251097100024
0.931251097100024
0.931251097100024
0.931251097100024
0.931251097100024
0.931251097100024
0.931251097100024
0.931251097100024
0.931251097100024
0.931251097100024
0.931251097100024
0.931251097100024
0.931251097100024
0.931251097100024
0.931251097100024
0.931251097100024
0.931251097100024
0.931251097100024
