0
0
0.0139008860339037
0.0516007811035706
0.107877415312187
0.178414835694988
0.259655861787361
0.348678059630919
0.443089512874836
0.540941256922814
0.640653736770725
0.740955065871382
0.840829214345827
0.93947255049238
1.03625740855023
1.13070156540367
1.22244268555732
1.31121694248808
1.39684114977919
1.479197840967
1.55822282590011
1.63389482624896
1.7062268558251
1.77525906443605
1.84105280868455
1.90368575074207
1.96324781779981
2.01983788156439
2.07356103961071
2.12452639929638
2.17284528084186
2.21862976956037
2.26199155847963
2.30304103206843
2.34188654974776
2.37863389456612
2.41338585805186
2.44624193699117
2.47729812186004
2.50664675998218
2.53437647929342
2.56057216095066
2.58531495100224
2.60868230299658
2.63074804479734
2.65158246403919
2.6712524076349
2.68982139156094
2.70734971783165
2.72389459614236
2.73951026813723
2.75424813265401
2.76815687062742
2.78128256860646
2.79366884006792
2.80535694389587
2.81638589955154
2.82679259858514
2.83661191224555
2.84587679502849
2.85461838407289
2.86286609437072
2.87064770980015
2.87798947002687
2.8849161533465
2.89145115556182
2.89761656500505
2.90343323382698
2.9089208456831
2.91409797995249
2.91898217262792
2.9235899740173
2.92793700339615
2.93203800074908
2.93590687573641
2.93955675401836
2.94300002106594
2.94624836358361
2.94931280866413
2.95220376079192
2.9549310368063
2.95750389893133
2.95993108597461
2.96222084279221
2.96438094811301
2.96641874081076
2.9683411447081
2.97015469199261
2.9718655453208
2.9734795186822
2.97500209709175
2.97643845517547
2.97779347471066
2.97907176117866
2.98027765938527
2.9814152682008
2.98248845446886
2.98350086613053
2.98445594460777
2.9853569364877
2.9853569364877
2.9853569364877
2.9853569364877
2.9853569364877
2.9853569364877
2.9853569364877
2.9853569364877
2.9853569364877
2.9853569364877
2.9853569364877
2.9853569364877
2.9853569364877
2.9853569364877
2.9853569364877
2.9853569364877
2.9853569364877
2.9853569364877
2.9853569364877
2.9853569364877
2.9853569364877
2.9853569364877
2.9853569364877
2.9853569364877
2.9853569364877
2.9853569364877
2.9853569364877
2.9853569364877
2.9853569364877
2.9853569364877
2.9853569364877
2.9853569364877
2.9853569364877
2.9853569364877
2.9853569364877
2.9853569364877
2.9853569364877
2.9853569364877
2.9853569364877
2.9853569364877
2.9853569364877
2.9853569364877
2.9853569364877
2.9853569364877
2.9853569364877
2.9853569364877
2.9853569364877
2.9853569364877
2.9853569364877
2.9853569364877
2.9853569364877
2.9853569364877
